%% Model Parameters
% You can edit these parameters based your measurements.
%% Mean
% LoS mean (Rows -> Frequencies, Columns -> Enviroments)
Model.LoS_mu = [0      ,0.6    ,1      ,1.5;
                0.1    ,1      ,1.6    ,2.3;
                %0.1158 ,1.0315 ,1.6315 ,2.3315; % obtained by interpolation
                0.2    ,1.2    ,1.8    ,2.5];
% NLoS mean (Rows -> Frequencies, Columns -> Enviroments)
Model.NLoS_mu = [18     ,17     ,20     ,29;
                21      ,20     ,23     ,34;
                %21.47368,20.47368,23.47368,35.10;  % obtained by interpolation
                24      ,23     ,26     ,41;];

%% Standard deviation
% LoS sigma fitting parameters (Rows -> Frequencies, Columns -> Environment)
Model.LoS_sigma = [11.5341801502128,-0.0580776154364686,10.9803651815938,-0.0496060137006557,9.64379977459500,-0.0401559802565197,9.15751045743147,-0.0318469452897003;
                11.2464578297651,-0.0604498026151467,10.3902827769131,-0.0491637103693624,8.96481314939970,-0.0389916600903081,7.36933142160336,-0.0279887427441487;
                %11.2136418478594,-0.0604300886704282,10.4342386381414,-0.0492403221647053,9.00282551838978,-0.0392293756852523,7.33518669548194,-0.0280963499721471; % Interpolation
                11.0386232776957,-0.0603249476319294,10.6686698980258,-0.0496489184065339,9.20555815300357,-0.0404971921916214,7.15308148950106,-0.0286702551881383;];
% NLoS sigma fitting parameters (Rows -> Frequencies, Columns -> Environments)
Model.NLoS_sigma = [26.5292156554527,-0.0321899723846520,23.3072530167063,-0.0320418533562302,30.8268886351371,-0.0406791360012742,32.1345660130822,-0.0310577152432586;
                32.1733147059426,-0.0352933617539623,29.6012893742037,-0.0355936137498955,35.9677839994568,-0.0413589631202297,37.0758648755592,-0.0329175639421570;
                %33.3400016650581,-0.0358131007234190,30.5874635513981,-0.0358728115656360,36.7409934472372,-0.0413616464401755,37.6898079697949,-0.0332267891479663; % Interpolation
                39.5623321136740,-0.0385850418938545,35.8470591631015,-0.0373618665829189,40.8647771687326,-0.0413759574798864,40.9641711390522,-0.0348759902456160;];

%% LoS Probability Parameter
Model.Beta =  [0.074, 0.12, 0.53];
Model.Model_Freq = [700 2000 5800];

%% LoS mean holding distance at 45 degrees
Model.kappa_o   =  [103 74 28];
%% Autocorrelation distances in [m]
Model.LoS_dcorr = 15;
Model.NLoS_dcorr = 10;

